m: 1.48E-22
mabs: 1.48E-22
stdev: 7.19E-15
time: [4.5666564e+02 1.1337138e-02]
